%%volume 5*5*15m
%2007
Vol_max=33840.10156;
HV_list=-26.71699905:0.02:-6.553770065;
HH_list=-20.46699905:0.02:-2.370270014;
a_HV=-22.3122676389589;
b_HV=-11.0281847957477;
c_HV=0.000110865735997429;
a_HH=-15.7632526017922;
b_HH=-6.40691893857123;
c_HH=0.000115922798377475;

%2008
Vol_max=33840.10156;
HV_list=-27.05690002:0.02:-7.599199772;
HH_list=-21.22780037:0.02:-2.703900099;
a_HV=-22.5710795631535;
b_HV=-11.2426984942972;
c_HV=0.00011330776993692;
a_HH=-15.8981030519944;
b_HH=-6.60858053093474;
c_HH=0.000119713814968512;

%2010
Vol_max=34646.30078;
HV_list=-27.40769958:0.02:-11.18379974;
HH_list=-22.15399933:0.02:-5.508769989;
a_HV=-23.2230161847269;
b_HV=-13.2778105887599;
c_HV=0.000139589567201766;
a_HH=-16.2992501877565;
b_HH=-8.36451532852766;
c_HH=0.000152557905763919;

%2017
Vol_max=34752.69922;
HV_list=-29.78070068:0.02:-7.07130003;
HH_list=-22.54039955:0.02:-1.935899973;
a_HV=-26.0240315844668;
b_HV=-12.8528101029758;
c_HV=0.000179887473200757;
a_HH=-17.3131452831718;
b_HH=-7.70866112155938;
c_HH=0.000164654050158506;

%2018
Vol_max=34752.69922;
HV_list=-29.09359932:0.02:-7.611569881;
HH_list=-21.58180046:0.02:-2.601819992;
a_HV=-25.3631449991811;
b_HV=-12.958336157691;
c_HV=0.000183593761291406;
a_HH=-17.286451731245;
b_HH=-7.65827566697082;
c_HH=0.000165156919390662;


%% cover
% 2007

HV_list=-26.71699905:0.02:-6.553770065;
HH_list=-20.46699905:0.02:-2.370270014;
a_HV=-22.2720237855968;
b_HV=-10.5952161362341;
c_HV=2.47595619073709;
a_HH=-15.6916930329133;
b_HH=-6.0616003323837;
c_HH=2.56757142491669;

% 2008

HV_list=-27.05690002:0.02:-7.599199772;
HH_list=-21.22780037:0.02:-2.703900099;
a_HV=-22.5197946436362;
b_HV=-10.6985096513323;
c_HV=2.48854911346198;
a_HH=-15.8234809441426;
b_HH=-6.28767563264565;
c_HH=2.65856285954772;

% 2010

HV_list=-27.40769958:0.02:-11.18379974;
HH_list=-22.15399933:0.02:-5.508769989;
a_HV=-23.1827600276435;
b_HV=-13.7668510890168;
c_HV=3.4793978305592;
a_HH=-16.2895656061686;
b_HH=-8.8920658615135;
c_HH=4.00587966920961;

% 2017

HV_list=-29.78070068:0.02:-7.07130003;
HH_list=-22.54039955:0.02:-1.935899973;
a_HV=-25.7396998002218;
b_HV=-12.9972313755677;
c_HV=3.7617200251029;
a_HH=-17.2088503441387;
b_HH=-8.01631696662649;
c_HH=3.64938791030274;

% 2018

HV_list=-29.09359932:0.02:-7.611569881;
HH_list=-21.58180046:0.02:-2.601819992;
a_HV=-25.0822974189217;
b_HV=-13.0159122731819;
c_HV=3.78129021708311;
a_HH=-17.1258829672765;
b_HH=-7.71778912603854;
c_HH=3.43434403407925;