%%volume
%2007
Vol_max=3644.406764;
HV_list=-26.71699905:0.02:-6.553770065;
HH_list=-20.46699905:0.02:-2.370270014;
a_HV=-20.5366136536912;
b_HV=-13.5223948332402;
c_HV=0.00303871185134724;
a_HH=-14.2283453566974;
b_HH=-8.29773635619168;
c_HH=0.00303901941725734;

%2008
Vol_max=3644.406764;
HV_list=-27.05690002:0.02:-7.599199772;
HH_list=-21.22780037:0.02:-2.703900099;
a_HV=-20.7513982242055;
b_HV=-13.6484017884573;
c_HV=0.00304339616724953;
a_HH=-14.3280597856241;
b_HH=-8.37108107405677;
c_HH=0.00305007136296153;

%2010
Vol_max=3789.010998;
HV_list=-27.40769958:0.02:-11.18379974;
HH_list=-22.15399933:0.02:-5.508769989;
a_HV=-21.4079230193915;
b_HV=-14.573085190988;
c_HV=0.00331645045356069;
a_HH=-14.7187417484744;
b_HH=-9.14089125102333;
c_HH=0.00332539882200666;


%2017
Vol_max=3856.632254;
HV_list=-29.78070068:0.02:-7.07130003;
HH_list=-22.54039955:0.02:-1.935899973;
a_HV=-23.1288959460132;
b_HV=-14.4916492224374;
c_HV=0.00557735928389455;
a_HH=-15.305038464761;
b_HH=-9.02230612263654;
c_HH=0.00510870013870338;


%2018
Vol_max=3856.632254;
HV_list=-29.09359932:0.02:-7.611569881;
HH_list=-21.58180046:0.02:-2.601819992;
a_HV=-22.6502561035099;
b_HV=-14.4840772209159;
c_HV=0.0057700134323902;
a_HH=-22.6502561035099;
b_HH=-14.4840772209159;
c_HH=0.0057700134323902;

 


%% cover
% 2007
Vol_max=1;
HV_list=-26.71699905:0.02:-6.553770065;
HH_list=-20.46699905:0.02:-2.370270014;
a_HV=-20.7897017457038;
b_HV=-12.9130428170733;
c_HV=2.65401043943606;
a_HH=-14.4408266164571;
b_HH=-7.9123783180977;
c_HH=2.74298159464153;

%2008
Vol_max=1;
HV_list=-27.05690002:0.02:-7.599199772;
HH_list=-21.22780037:0.02:-2.703900099;
a_HV=-21.0086596584687;
b_HV=-12.9903577474132;
c_HV=2.63563266053721;
a_HH=-14.5489648176299;
b_HH=-8.02930320268734;
c_HH=2.79463458591005;


%2010
Vol_max=1;
HV_list=-27.40769958:0.02:-11.18379974;
HH_list=-22.15399933:0.02:-5.508769989;
a_HV=-21.6568813518135;
b_HV=-14.7212494899955;
c_HV=3.35163576589406;
a_HH=-14.952934697993;
b_HH=-9.47197769563976;
c_HH=3.69357623548815;


%2017
Vol_max=1;
HV_list=-29.78070068:0.02:-7.07130003;
HH_list=-22.54039955:0.02:-1.935899973;
a_HV=-22.6740453337829;
b_HV=-14.407851839904;
c_HV=4.0500908616841;
a_HH=-15.0409859457326;
b_HH=-9.04423820385341;
c_HH=3.89574296632479;

%2018
Vol_max=1;
HV_list=-29.09359932:0.02:-7.611569881;
HH_list=-21.58180046:0.02:-2.601819992;
a_HV=-22.1783552868965;
b_HV=-14.3510137200763;
c_HV=4.08669989202625;
a_HH=-15.0087917657388;
b_HH=-8.88319753657915;
c_HH=3.74773792860912;

 





 

 


